2025-10-21 17:39:11.80755 INFO::Writing function arguments to log file
2025-10-21 17:39:11.811263 DEBUG::Function arguments
2025-10-21 17:39:11.812793 DEBUG::Input data file: E:/Python/MI_Analysis/metagenome/data_figures/o/MaAsLin2_OTU//virus_temp.tsv
2025-10-21 17:39:11.813994 DEBUG::Input metadata file: E:/Python/MI_Analysis/metagenome/data_figures/o/MaAsLin2_OTU//metadata_temp.tsv
2025-10-21 17:39:11.815178 DEBUG::Output folder: E:/Python/MI_Analysis/metagenome/data_figures/o/MaAsLin2_OTU//virus
2025-10-21 17:39:11.816404 DEBUG::Min Abundance: 0.000000
2025-10-21 17:39:11.817403 DEBUG::Min Prevalence: 0.100000
2025-10-21 17:39:11.818447 DEBUG::Normalization: TSS
2025-10-21 17:39:11.819744 DEBUG::Transform: LOG
2025-10-21 17:39:11.82101 DEBUG::Analysis method: LM
2025-10-21 17:39:11.822078 DEBUG::Max significance: 0.050000
2025-10-21 17:39:11.823128 DEBUG::Random effects:
2025-10-21 17:39:11.824317 DEBUG::Fixed effects: Group
2025-10-21 17:39:11.825577 DEBUG::Correction method: BH
2025-10-21 17:39:11.826797 DEBUG::Standardize: TRUE
2025-10-21 17:39:11.827815 DEBUG::Cores: 1
2025-10-21 17:39:11.828667 INFO::Verifying options selected are valid
2025-10-21 17:39:11.830395 INFO::Determining format of input files
2025-10-21 17:39:11.832298 INFO::Input format is data samples as columns and metadata samples as rows
2025-10-21 17:39:11.865643 DEBUG::Transformed data so samples are rows
2025-10-21 17:39:11.869899 DEBUG::A total of 84 samples were found in both the data and metadata
2025-10-21 17:39:11.871102 DEBUG::Reordering data/metadata to use same sample ordering
2025-10-21 17:39:11.88353 INFO::Formula for fixed effects: expr ~  Group
2025-10-21 17:39:11.886278 INFO::Filter data based on min abundance and min prevalence
2025-10-21 17:39:11.888501 INFO::Total samples in data: 84
2025-10-21 17:39:11.891312 INFO::Min samples required with min abundance for a feature not to be filtered: 8.400000
2025-10-21 17:39:11.909844 INFO::Total filtered features: 138
2025-10-21 17:39:11.912385 INFO::Filtered feature names from abundance and prevalence filtering: CON12__10597, CON12__4997, CON12__6696, CON12__736, CON14__30364, CON14__425, CON14__52589, CON16__61291, CON16__9635, CON1__686, CON20__13596, CON20__16898, CON20__56880, CON20__58190, CON20__58667, CON20__5873, CON22__7424, CON23__22750, CON23__49005, CON23__51464, CON25__11246, CON25__3385, CON25__6185, CON25__9004, CON26__41232, CON2__15943, CON2__42526, CON31__38803, CON31__62388, CON32__61459, CON32__71748, CON34__4775, CON37__39916, CON37__51896, CON38__62907, CON40__17605, CON40__33313, CON40__52649, CON40__54867, CON41__3010, CON44__14349, CON44__55293, CON47__46799, CON47__59632, CON4__1324, CON4__14781, CON4__43256, CON5__47717, CON5__97912, CON6__26991, CON6__31658, CON6__47390, CON8__96192, CON9__11687, CON9__17118, CON9__22987, CON9__23146, CON9__829, HF11__39768, HF13__70081, HF15__7129, HF17__37971, HF18__72032, HF19__2924, HF1__57871, HF20__73575, HF22__17955, HF22__60398, HF22__66566, HF22__68673, HF23__78266, HF24__23771, HF24__54364, HF24__9597, HF25__34834, HF26__51300, HF26__54862, HF27__112454, HF27__44871, HF29__29947, HF33__49029, HF33__56026, HF35__3326, HF36__15726, HF39__91596, HF39__93194, HF40__11191, HF40__12848, HF41__64813, HF43__10038, HF44__43642, HF7__14502, HF8__22521, HF8__51930, MI10__14981, MI10__2658, MI10__31384, MI10__32140, MI10__32273, MI11__52677, MI12__11118, MI12__117581, MI12__44099, MI12__66820, MI13__5926, MI15__2009, MI15__3169, MI15__3505, MI15__9101, MI17__44895, MI17__47195, MI18__28313, MI19__19984, MI19__52494, MI19__53552, MI19__55273, MI1__77968, MI24__4351, MI24__56704, MI25__15758, MI25__26915, MI25__37719, MI28__12701, MI2__105980, MI2__125868, MI2__23657, MI2__35906, MI2__96112, MI32__90862, MI33__22895, MI38__29224, MI4__75125, MI5__31508, MI5__92145, MI5__94905, MI8__150706, MI8__172939, MI8__99812
2025-10-21 17:39:11.937257 INFO::Total filtered features with variance filtering: 0
2025-10-21 17:39:11.939618 INFO::Filtered feature names from variance filtering:
2025-10-21 17:39:11.94192 INFO::Running selected normalization method: TSS
2025-10-21 17:39:11.958461 INFO::Applying z-score to standardize continuous metadata
2025-10-21 17:39:11.966559 INFO::Running selected transform method: LOG
2025-10-21 17:39:11.987732 INFO::Running selected analysis method: LM
2025-10-21 17:39:11.990775 INFO::Fitting model to feature number 1, CON10__92125
2025-10-21 17:39:11.995826 INFO::Fitting model to feature number 2, CON10__98555
2025-10-21 17:39:11.999964 INFO::Fitting model to feature number 3, CON11__37005
2025-10-21 17:39:12.003962 INFO::Fitting model to feature number 4, CON11__65258
2025-10-21 17:39:12.008051 INFO::Fitting model to feature number 5, CON12__11210
2025-10-21 17:39:12.012551 INFO::Fitting model to feature number 6, CON12__2605
2025-10-21 17:39:12.016803 INFO::Fitting model to feature number 7, CON12__5412
2025-10-21 17:39:12.021182 INFO::Fitting model to feature number 8, CON12__6478
2025-10-21 17:39:12.025526 INFO::Fitting model to feature number 9, CON12__6999
2025-10-21 17:39:12.030402 INFO::Fitting model to feature number 10, CON12__7482
2025-10-21 17:39:12.03443 INFO::Fitting model to feature number 11, CON12__8214
2025-10-21 17:39:12.038435 INFO::Fitting model to feature number 12, CON13__106090
2025-10-21 17:39:12.0428 INFO::Fitting model to feature number 13, CON13__125096
2025-10-21 17:39:12.046973 INFO::Fitting model to feature number 14, CON13__134529
2025-10-21 17:39:12.051656 INFO::Fitting model to feature number 15, CON13__23397
2025-10-21 17:39:12.056205 INFO::Fitting model to feature number 16, CON13__38366
2025-10-21 17:39:12.061082 INFO::Fitting model to feature number 17, CON13__42474
2025-10-21 17:39:12.066579 INFO::Fitting model to feature number 18, CON13__4329
2025-10-21 17:39:12.071493 INFO::Fitting model to feature number 19, CON13__49865
2025-10-21 17:39:12.075919 INFO::Fitting model to feature number 20, CON13__68260
2025-10-21 17:39:12.081012 INFO::Fitting model to feature number 21, CON13__83545
2025-10-21 17:39:12.085326 INFO::Fitting model to feature number 22, CON13__96551
2025-10-21 17:39:12.089383 INFO::Fitting model to feature number 23, CON13__97539
2025-10-21 17:39:12.093769 INFO::Fitting model to feature number 24, CON14__23149
2025-10-21 17:39:12.098595 INFO::Fitting model to feature number 25, CON14__24666
2025-10-21 17:39:12.103656 INFO::Fitting model to feature number 26, CON14__2540
2025-10-21 17:39:12.108771 INFO::Fitting model to feature number 27, CON14__53546
2025-10-21 17:39:12.114273 INFO::Fitting model to feature number 28, CON14__58832
2025-10-21 17:39:12.119937 INFO::Fitting model to feature number 29, CON15__32317
2025-10-21 17:39:12.124796 INFO::Fitting model to feature number 30, CON16__18185
2025-10-21 17:39:12.128958 INFO::Fitting model to feature number 31, CON16__20412
2025-10-21 17:39:12.133098 INFO::Fitting model to feature number 32, CON16__2712
2025-10-21 17:39:12.13718 INFO::Fitting model to feature number 33, CON16__54857
2025-10-21 17:39:12.141315 INFO::Fitting model to feature number 34, CON16__60662
2025-10-21 17:39:12.145423 INFO::Fitting model to feature number 35, CON16__68738
2025-10-21 17:39:12.14992 INFO::Fitting model to feature number 36, CON17__51038
2025-10-21 17:39:12.15497 INFO::Fitting model to feature number 37, CON18__42913
2025-10-21 17:39:12.160181 INFO::Fitting model to feature number 38, CON18__96477
2025-10-21 17:39:12.16553 INFO::Fitting model to feature number 39, CON19__13253
2025-10-21 17:39:12.169966 INFO::Fitting model to feature number 40, CON19__21279
2025-10-21 17:39:12.174545 INFO::Fitting model to feature number 41, CON19__28358
2025-10-21 17:39:12.178796 INFO::Fitting model to feature number 42, CON19__33387
2025-10-21 17:39:12.183594 INFO::Fitting model to feature number 43, CON19__37443
2025-10-21 17:39:12.187923 INFO::Fitting model to feature number 44, CON19__43919
2025-10-21 17:39:12.191923 INFO::Fitting model to feature number 45, CON1__11518
2025-10-21 17:39:12.198385 INFO::Fitting model to feature number 46, CON1__132483
2025-10-21 17:39:12.21117 INFO::Fitting model to feature number 47, CON1__136887
2025-10-21 17:39:12.218452 INFO::Fitting model to feature number 48, CON1__141657
2025-10-21 17:39:12.225288 INFO::Fitting model to feature number 49, CON1__142396
2025-10-21 17:39:12.231602 INFO::Fitting model to feature number 50, CON1__27299
2025-10-21 17:39:12.238013 INFO::Fitting model to feature number 51, CON1__65958
2025-10-21 17:39:12.243331 INFO::Fitting model to feature number 52, CON20__10562
2025-10-21 17:39:12.24825 INFO::Fitting model to feature number 53, CON20__1276
2025-10-21 17:39:12.25291 INFO::Fitting model to feature number 54, CON20__34635
2025-10-21 17:39:12.257979 INFO::Fitting model to feature number 55, CON20__38131
2025-10-21 17:39:12.264831 INFO::Fitting model to feature number 56, CON20__40587
2025-10-21 17:39:12.269531 INFO::Fitting model to feature number 57, CON20__43638
2025-10-21 17:39:12.274787 INFO::Fitting model to feature number 58, CON20__8042
2025-10-21 17:39:12.280442 INFO::Fitting model to feature number 59, CON21__106170
2025-10-21 17:39:12.285219 INFO::Fitting model to feature number 60, CON21__111618
2025-10-21 17:39:12.289507 INFO::Fitting model to feature number 61, CON21__30995
2025-10-21 17:39:12.293781 INFO::Fitting model to feature number 62, CON21__43747
2025-10-21 17:39:12.297752 INFO::Fitting model to feature number 63, CON22__10666
2025-10-21 17:39:12.303045 INFO::Fitting model to feature number 64, CON22__1448
2025-10-21 17:39:12.308485 INFO::Fitting model to feature number 65, CON22__29078
2025-10-21 17:39:12.312945 INFO::Fitting model to feature number 66, CON22__64406
2025-10-21 17:39:12.317127 INFO::Fitting model to feature number 67, CON22__68813
2025-10-21 17:39:12.322957 INFO::Fitting model to feature number 68, CON22__72323
2025-10-21 17:39:12.327798 INFO::Fitting model to feature number 69, CON23__32221
2025-10-21 17:39:12.331477 INFO::Fitting model to feature number 70, CON23__39006
2025-10-21 17:39:12.335352 INFO::Fitting model to feature number 71, CON23__39618
2025-10-21 17:39:12.338947 INFO::Fitting model to feature number 72, CON24__104082
2025-10-21 17:39:12.343687 INFO::Fitting model to feature number 73, CON24__18379
2025-10-21 17:39:12.347937 INFO::Fitting model to feature number 74, CON24__35132
2025-10-21 17:39:12.352063 INFO::Fitting model to feature number 75, CON24__49185
2025-10-21 17:39:12.356087 INFO::Fitting model to feature number 76, CON24__67436
2025-10-21 17:39:12.360239 INFO::Fitting model to feature number 77, CON25__12111
2025-10-21 17:39:12.364869 INFO::Fitting model to feature number 78, CON25__12510
2025-10-21 17:39:12.368787 INFO::Fitting model to feature number 79, CON25__8978
2025-10-21 17:39:12.372638 INFO::Fitting model to feature number 80, CON25__9997
2025-10-21 17:39:12.376398 INFO::Fitting model to feature number 81, CON26__17032
2025-10-21 17:39:12.380771 INFO::Fitting model to feature number 82, CON26__23139
2025-10-21 17:39:12.3849 INFO::Fitting model to feature number 83, CON26__2739
2025-10-21 17:39:12.388896 INFO::Fitting model to feature number 84, CON26__34383
2025-10-21 17:39:12.393126 INFO::Fitting model to feature number 85, CON26__44076
2025-10-21 17:39:12.397315 INFO::Fitting model to feature number 86, CON27__11287
2025-10-21 17:39:12.401411 INFO::Fitting model to feature number 87, CON27__46332
2025-10-21 17:39:12.405422 INFO::Fitting model to feature number 88, CON27__49361
2025-10-21 17:39:12.40921 INFO::Fitting model to feature number 89, CON27__67231
2025-10-21 17:39:12.413304 INFO::Fitting model to feature number 90, CON27__77841
2025-10-21 17:39:12.417633 INFO::Fitting model to feature number 91, CON28__38958
2025-10-21 17:39:12.422002 INFO::Fitting model to feature number 92, CON2__39371
2025-10-21 17:39:12.426468 INFO::Fitting model to feature number 93, CON2__56254
2025-10-21 17:39:12.431345 INFO::Fitting model to feature number 94, CON2__63905
2025-10-21 17:39:12.435559 INFO::Fitting model to feature number 95, CON2__65684
2025-10-21 17:39:12.440094 INFO::Fitting model to feature number 96, CON2__70037
2025-10-21 17:39:12.444518 INFO::Fitting model to feature number 97, CON30__101066
2025-10-21 17:39:12.448544 INFO::Fitting model to feature number 98, CON30__106370
2025-10-21 17:39:12.453077 INFO::Fitting model to feature number 99, CON30__106949
2025-10-21 17:39:12.457553 INFO::Fitting model to feature number 100, CON30__115695
2025-10-21 17:39:12.462384 INFO::Fitting model to feature number 101, CON30__117671
2025-10-21 17:39:12.46669 INFO::Fitting model to feature number 102, CON30__21220
2025-10-21 17:39:12.470496 INFO::Fitting model to feature number 103, CON30__57661
2025-10-21 17:39:12.474904 INFO::Fitting model to feature number 104, CON30__78830
2025-10-21 17:39:12.479356 INFO::Fitting model to feature number 105, CON30__78872
2025-10-21 17:39:12.484219 INFO::Fitting model to feature number 106, CON30__86319
2025-10-21 17:39:12.488758 INFO::Fitting model to feature number 107, CON30__87665
2025-10-21 17:39:12.49408 INFO::Fitting model to feature number 108, CON31__48385
2025-10-21 17:39:12.498956 INFO::Fitting model to feature number 109, CON31__53650
2025-10-21 17:39:12.504114 INFO::Fitting model to feature number 110, CON31__67138
2025-10-21 17:39:12.50973 INFO::Fitting model to feature number 111, CON32__13019
2025-10-21 17:39:12.514495 INFO::Fitting model to feature number 112, CON32__14322
2025-10-21 17:39:12.518808 INFO::Fitting model to feature number 113, CON32__19720
2025-10-21 17:39:12.523623 INFO::Fitting model to feature number 114, CON32__22342
2025-10-21 17:39:12.527965 INFO::Fitting model to feature number 115, CON32__25400
2025-10-21 17:39:12.532403 INFO::Fitting model to feature number 116, CON32__30458
2025-10-21 17:39:12.537254 INFO::Fitting model to feature number 117, CON32__35763
2025-10-21 17:39:12.541773 INFO::Fitting model to feature number 118, CON32__46420
2025-10-21 17:39:12.546833 INFO::Fitting model to feature number 119, CON32__54229
2025-10-21 17:39:12.551524 INFO::Fitting model to feature number 120, CON32__56105
2025-10-21 17:39:12.555931 INFO::Fitting model to feature number 121, CON32__56929
2025-10-21 17:39:12.561054 INFO::Fitting model to feature number 122, CON32__62268
2025-10-21 17:39:12.56666 INFO::Fitting model to feature number 123, CON32__67931
2025-10-21 17:39:12.571564 INFO::Fitting model to feature number 124, CON32__69345
2025-10-21 17:39:12.575806 INFO::Fitting model to feature number 125, CON32__7499
2025-10-21 17:39:12.580325 INFO::Fitting model to feature number 126, CON32__75016
2025-10-21 17:39:12.585674 INFO::Fitting model to feature number 127, CON32__82194
2025-10-21 17:39:12.59035 INFO::Fitting model to feature number 128, CON32__84218
2025-10-21 17:39:12.594727 INFO::Fitting model to feature number 129, CON32__8800
2025-10-21 17:39:12.599941 INFO::Fitting model to feature number 130, CON33__124236
2025-10-21 17:39:12.604732 INFO::Fitting model to feature number 131, CON33__61023
2025-10-21 17:39:12.609196 INFO::Fitting model to feature number 132, CON33__84611
2025-10-21 17:39:12.61432 INFO::Fitting model to feature number 133, CON34__10987
2025-10-21 17:39:12.619273 INFO::Fitting model to feature number 134, CON34__2332
2025-10-21 17:39:12.624238 INFO::Fitting model to feature number 135, CON34__27319
2025-10-21 17:39:12.629396 INFO::Fitting model to feature number 136, CON34__33096
2025-10-21 17:39:12.635156 INFO::Fitting model to feature number 137, CON34__3956
2025-10-21 17:39:12.640058 INFO::Fitting model to feature number 138, CON34__40685
2025-10-21 17:39:12.644473 INFO::Fitting model to feature number 139, CON34__473
2025-10-21 17:39:12.648999 INFO::Fitting model to feature number 140, CON34__670
2025-10-21 17:39:12.6539 INFO::Fitting model to feature number 141, CON34__8025
2025-10-21 17:39:12.658967 INFO::Fitting model to feature number 142, CON35__16446
2025-10-21 17:39:12.663458 INFO::Fitting model to feature number 143, CON35__22276
2025-10-21 17:39:12.668253 INFO::Fitting model to feature number 144, CON35__38542
2025-10-21 17:39:12.672966 INFO::Fitting model to feature number 145, CON35__43183
2025-10-21 17:39:12.677957 INFO::Fitting model to feature number 146, CON35__5024
2025-10-21 17:39:12.682541 INFO::Fitting model to feature number 147, CON35__7412
2025-10-21 17:39:12.687125 INFO::Fitting model to feature number 148, CON36__19213
2025-10-21 17:39:12.691639 INFO::Fitting model to feature number 149, CON36__20695
2025-10-21 17:39:12.697135 INFO::Fitting model to feature number 150, CON36__22016
2025-10-21 17:39:12.702264 INFO::Fitting model to feature number 151, CON36__56259
2025-10-21 17:39:12.707049 INFO::Fitting model to feature number 152, CON36__86234
2025-10-21 17:39:12.711993 INFO::Fitting model to feature number 153, CON36__87622
2025-10-21 17:39:12.71715 INFO::Fitting model to feature number 154, CON37__18567
2025-10-21 17:39:12.722562 INFO::Fitting model to feature number 155, CON37__93791
2025-10-21 17:39:12.727186 INFO::Fitting model to feature number 156, CON38__16154
2025-10-21 17:39:12.732346 INFO::Fitting model to feature number 157, CON38__26147
2025-10-21 17:39:12.737782 INFO::Fitting model to feature number 158, CON38__45185
2025-10-21 17:39:12.742319 INFO::Fitting model to feature number 159, CON38__54801
2025-10-21 17:39:12.747275 INFO::Fitting model to feature number 160, CON38__64675
2025-10-21 17:39:12.752298 INFO::Fitting model to feature number 161, CON38__69394
2025-10-21 17:39:12.757353 INFO::Fitting model to feature number 162, CON39__17826
2025-10-21 17:39:12.763252 INFO::Fitting model to feature number 163, CON39__20358
2025-10-21 17:39:12.767948 INFO::Fitting model to feature number 164, CON39__22688
2025-10-21 17:39:12.772151 INFO::Fitting model to feature number 165, CON39__31285
2025-10-21 17:39:12.777142 INFO::Fitting model to feature number 166, CON39__46140
2025-10-21 17:39:12.781916 INFO::Fitting model to feature number 167, CON39__56582
2025-10-21 17:39:12.786447 INFO::Fitting model to feature number 168, CON40__31341
2025-10-21 17:39:12.790731 INFO::Fitting model to feature number 169, CON40__43317
2025-10-21 17:39:12.79571 INFO::Fitting model to feature number 170, CON40__4915
2025-10-21 17:39:12.800663 INFO::Fitting model to feature number 171, CON40__5035
2025-10-21 17:39:12.805512 INFO::Fitting model to feature number 172, CON41__27547
2025-10-21 17:39:12.810081 INFO::Fitting model to feature number 173, CON42__18473
2025-10-21 17:39:12.815386 INFO::Fitting model to feature number 174, CON42__60554
2025-10-21 17:39:12.820608 INFO::Fitting model to feature number 175, CON42__66103
2025-10-21 17:39:12.825631 INFO::Fitting model to feature number 176, CON43__10718
2025-10-21 17:39:12.832059 INFO::Fitting model to feature number 177, CON43__13370
2025-10-21 17:39:12.837111 INFO::Fitting model to feature number 178, CON43__20630
2025-10-21 17:39:12.841587 INFO::Fitting model to feature number 179, CON43__25730
2025-10-21 17:39:12.846483 INFO::Fitting model to feature number 180, CON43__49036
2025-10-21 17:39:12.851374 INFO::Fitting model to feature number 181, CON43__49144
2025-10-21 17:39:12.856178 INFO::Fitting model to feature number 182, CON43__53367
2025-10-21 17:39:12.860944 INFO::Fitting model to feature number 183, CON43__71541
2025-10-21 17:39:12.865996 INFO::Fitting model to feature number 184, CON43__88736
2025-10-21 17:39:12.870727 INFO::Fitting model to feature number 185, CON44__29119
2025-10-21 17:39:12.875728 INFO::Fitting model to feature number 186, CON44__34575
2025-10-21 17:39:12.880646 INFO::Fitting model to feature number 187, CON44__73004
2025-10-21 17:39:12.885215 INFO::Fitting model to feature number 188, CON44__73208
2025-10-21 17:39:12.889818 INFO::Fitting model to feature number 189, CON44__73331
2025-10-21 17:39:12.89497 INFO::Fitting model to feature number 190, CON46__17762
2025-10-21 17:39:12.903367 INFO::Fitting model to feature number 191, CON46__60239
2025-10-21 17:39:12.91421 INFO::Fitting model to feature number 192, CON46__87773
2025-10-21 17:39:12.922097 INFO::Fitting model to feature number 193, CON47__114212
2025-10-21 17:39:12.928803 INFO::Fitting model to feature number 194, CON47__115041
2025-10-21 17:39:12.956159 INFO::Fitting model to feature number 195, CON47__18512
2025-10-21 17:39:12.961515 INFO::Fitting model to feature number 196, CON47__55906
2025-10-21 17:39:12.966744 INFO::Fitting model to feature number 197, CON47__68241
2025-10-21 17:39:12.972316 INFO::Fitting model to feature number 198, CON47__69180
2025-10-21 17:39:12.978045 INFO::Fitting model to feature number 199, CON47__72923
2025-10-21 17:39:12.983097 INFO::Fitting model to feature number 200, CON47__75632
2025-10-21 17:39:12.988091 INFO::Fitting model to feature number 201, CON47__7973
2025-10-21 17:39:12.993151 INFO::Fitting model to feature number 202, CON47__83914
2025-10-21 17:39:12.99844 INFO::Fitting model to feature number 203, CON4__10543
2025-10-21 17:39:13.004121 INFO::Fitting model to feature number 204, CON4__16143
2025-10-21 17:39:13.010907 INFO::Fitting model to feature number 205, CON4__50221
2025-10-21 17:39:13.016585 INFO::Fitting model to feature number 206, CON4__55923
2025-10-21 17:39:13.021954 INFO::Fitting model to feature number 207, CON4__69560
2025-10-21 17:39:13.026971 INFO::Fitting model to feature number 208, CON4__70966
2025-10-21 17:39:13.031971 INFO::Fitting model to feature number 209, CON4__81731
2025-10-21 17:39:13.036905 INFO::Fitting model to feature number 210, CON4__8492
2025-10-21 17:39:13.042062 INFO::Fitting model to feature number 211, CON4__94670
2025-10-21 17:39:13.047476 INFO::Fitting model to feature number 212, CON5__103695
2025-10-21 17:39:13.052663 INFO::Fitting model to feature number 213, CON5__16522
2025-10-21 17:39:13.057705 INFO::Fitting model to feature number 214, CON5__84202
2025-10-21 17:39:13.062953 INFO::Fitting model to feature number 215, CON6__19195
2025-10-21 17:39:13.06773 INFO::Fitting model to feature number 216, CON7__10911
2025-10-21 17:39:13.073089 INFO::Fitting model to feature number 217, CON8__139056
2025-10-21 17:39:13.078943 INFO::Fitting model to feature number 218, CON8__87818
2025-10-21 17:39:13.084872 INFO::Fitting model to feature number 219, CON9__3440
2025-10-21 17:39:13.08982 INFO::Fitting model to feature number 220, CON9__5345
2025-10-21 17:39:13.095013 INFO::Fitting model to feature number 221, HF10__10354
2025-10-21 17:39:13.099417 INFO::Fitting model to feature number 222, HF10__12342
2025-10-21 17:39:13.104016 INFO::Fitting model to feature number 223, HF10__22146
2025-10-21 17:39:13.108317 INFO::Fitting model to feature number 224, HF10__22296
2025-10-21 17:39:13.113013 INFO::Fitting model to feature number 225, HF10__24733
2025-10-21 17:39:13.117732 INFO::Fitting model to feature number 226, HF10__3047
2025-10-21 17:39:13.122176 INFO::Fitting model to feature number 227, HF10__37128
2025-10-21 17:39:13.128013 INFO::Fitting model to feature number 228, HF10__58349
2025-10-21 17:39:13.133579 INFO::Fitting model to feature number 229, HF10__69385
2025-10-21 17:39:13.137842 INFO::Fitting model to feature number 230, HF11__101063
2025-10-21 17:39:13.143176 INFO::Fitting model to feature number 231, HF11__113757
2025-10-21 17:39:13.147799 INFO::Fitting model to feature number 232, HF11__114798
2025-10-21 17:39:13.151717 INFO::Fitting model to feature number 233, HF11__16744
2025-10-21 17:39:13.156823 INFO::Fitting model to feature number 234, HF11__24370
2025-10-21 17:39:13.161974 INFO::Fitting model to feature number 235, HF11__37751
2025-10-21 17:39:13.166266 INFO::Fitting model to feature number 236, HF11__38182
2025-10-21 17:39:13.17084 INFO::Fitting model to feature number 237, HF11__42141
2025-10-21 17:39:13.175588 INFO::Fitting model to feature number 238, HF11__44980
2025-10-21 17:39:13.17971 INFO::Fitting model to feature number 239, HF11__53881
2025-10-21 17:39:13.184306 INFO::Fitting model to feature number 240, HF11__69828
2025-10-21 17:39:13.188593 INFO::Fitting model to feature number 241, HF11__70977
2025-10-21 17:39:13.192461 INFO::Fitting model to feature number 242, HF11__76061
2025-10-21 17:39:13.196544 INFO::Fitting model to feature number 243, HF11__7762
2025-10-21 17:39:13.202284 INFO::Fitting model to feature number 244, HF11__82779
2025-10-21 17:39:13.206329 INFO::Fitting model to feature number 245, HF11__8521
2025-10-21 17:39:13.210595 INFO::Fitting model to feature number 246, HF11__90653
2025-10-21 17:39:13.215224 INFO::Fitting model to feature number 247, HF12__100723
2025-10-21 17:39:13.220711 INFO::Fitting model to feature number 248, HF12__101357
2025-10-21 17:39:13.225456 INFO::Fitting model to feature number 249, HF12__34110
2025-10-21 17:39:13.2297 INFO::Fitting model to feature number 250, HF12__46308
2025-10-21 17:39:13.234379 INFO::Fitting model to feature number 251, HF13__11512
2025-10-21 17:39:13.2389 INFO::Fitting model to feature number 252, HF13__121300
2025-10-21 17:39:13.243868 INFO::Fitting model to feature number 253, HF13__130702
2025-10-21 17:39:13.248399 INFO::Fitting model to feature number 254, HF13__131596
2025-10-21 17:39:13.252967 INFO::Fitting model to feature number 255, HF13__133124
2025-10-21 17:39:13.256956 INFO::Fitting model to feature number 256, HF13__21710
2025-10-21 17:39:13.260724 INFO::Fitting model to feature number 257, HF13__56270
2025-10-21 17:39:13.265459 INFO::Fitting model to feature number 258, HF13__78185
2025-10-21 17:39:13.269834 INFO::Fitting model to feature number 259, HF13__87117
2025-10-21 17:39:13.273996 INFO::Fitting model to feature number 260, HF14__26829
2025-10-21 17:39:13.278769 INFO::Fitting model to feature number 261, HF14__31224
2025-10-21 17:39:13.284253 INFO::Fitting model to feature number 262, HF14__39481
2025-10-21 17:39:13.28887 INFO::Fitting model to feature number 263, HF14__43323
2025-10-21 17:39:13.293586 INFO::Fitting model to feature number 264, HF14__4654
2025-10-21 17:39:13.298426 INFO::Fitting model to feature number 265, HF14__66792
2025-10-21 17:39:13.303221 INFO::Fitting model to feature number 266, HF14__72355
2025-10-21 17:39:13.307679 INFO::Fitting model to feature number 267, HF14__72734
2025-10-21 17:39:13.316617 INFO::Fitting model to feature number 268, HF14__82474
2025-10-21 17:39:13.327965 INFO::Fitting model to feature number 269, HF14__90313
2025-10-21 17:39:13.335312 INFO::Fitting model to feature number 270, HF15__100025
2025-10-21 17:39:13.34127 INFO::Fitting model to feature number 271, HF15__19544
2025-10-21 17:39:13.34701 INFO::Fitting model to feature number 272, HF15__23649
2025-10-21 17:39:13.352683 INFO::Fitting model to feature number 273, HF15__28789
2025-10-21 17:39:13.357563 INFO::Fitting model to feature number 274, HF15__33839
2025-10-21 17:39:13.363255 INFO::Fitting model to feature number 275, HF15__52767
2025-10-21 17:39:13.367838 INFO::Fitting model to feature number 276, HF15__60652
2025-10-21 17:39:13.372604 INFO::Fitting model to feature number 277, HF15__70868
2025-10-21 17:39:13.376606 INFO::Fitting model to feature number 278, HF15__71316
2025-10-21 17:39:13.381222 INFO::Fitting model to feature number 279, HF15__76543
2025-10-21 17:39:13.385885 INFO::Fitting model to feature number 280, HF15__95878
2025-10-21 17:39:13.389705 INFO::Fitting model to feature number 281, HF15__98070
2025-10-21 17:39:13.393788 INFO::Fitting model to feature number 282, HF16__6620
2025-10-21 17:39:13.398051 INFO::Fitting model to feature number 283, HF17__27221
2025-10-21 17:39:13.402697 INFO::Fitting model to feature number 284, HF17__44968
2025-10-21 17:39:13.407449 INFO::Fitting model to feature number 285, HF17__47016
2025-10-21 17:39:13.412126 INFO::Fitting model to feature number 286, HF17__4919
2025-10-21 17:39:13.416542 INFO::Fitting model to feature number 287, HF17__64840
2025-10-21 17:39:13.420711 INFO::Fitting model to feature number 288, HF17__69944
2025-10-21 17:39:13.425026 INFO::Fitting model to feature number 289, HF17__88284
2025-10-21 17:39:13.428478 INFO::Fitting model to feature number 290, HF17__97368
2025-10-21 17:39:13.432734 INFO::Fitting model to feature number 291, HF17__98019
2025-10-21 17:39:13.436531 INFO::Fitting model to feature number 292, HF18__23394
2025-10-21 17:39:13.44043 INFO::Fitting model to feature number 293, HF18__41039
2025-10-21 17:39:13.445071 INFO::Fitting model to feature number 294, HF18__52113
2025-10-21 17:39:13.449082 INFO::Fitting model to feature number 295, HF18__72486
2025-10-21 17:39:13.452675 INFO::Fitting model to feature number 296, HF18__9037
2025-10-21 17:39:13.45664 INFO::Fitting model to feature number 297, HF19__29715
2025-10-21 17:39:13.461734 INFO::Fitting model to feature number 298, HF19__33673
2025-10-21 17:39:13.46599 INFO::Fitting model to feature number 299, HF1__43792
2025-10-21 17:39:13.470019 INFO::Fitting model to feature number 300, HF1__62401
2025-10-21 17:39:13.473867 INFO::Fitting model to feature number 301, HF1__8061
2025-10-21 17:39:13.478119 INFO::Fitting model to feature number 302, HF20__20461
2025-10-21 17:39:13.482144 INFO::Fitting model to feature number 303, HF20__49479
2025-10-21 17:39:13.485647 INFO::Fitting model to feature number 304, HF20__70910
2025-10-21 17:39:13.489061 INFO::Fitting model to feature number 305, HF20__76362
2025-10-21 17:39:13.492761 INFO::Fitting model to feature number 306, HF20__84234
2025-10-21 17:39:13.497357 INFO::Fitting model to feature number 307, HF20__89283
2025-10-21 17:39:13.501298 INFO::Fitting model to feature number 308, HF20__96343
2025-10-21 17:39:13.504998 INFO::Fitting model to feature number 309, HF21__1175
2025-10-21 17:39:13.508923 INFO::Fitting model to feature number 310, HF21__26254
2025-10-21 17:39:13.513058 INFO::Fitting model to feature number 311, HF21__58800
2025-10-21 17:39:13.517274 INFO::Fitting model to feature number 312, HF21__65724
2025-10-21 17:39:13.520826 INFO::Fitting model to feature number 313, HF21__77752
2025-10-21 17:39:13.524861 INFO::Fitting model to feature number 314, HF21__86021
2025-10-21 17:39:13.528444 INFO::Fitting model to feature number 315, HF22__23939
2025-10-21 17:39:13.532838 INFO::Fitting model to feature number 316, HF22__27217
2025-10-21 17:39:13.537214 INFO::Fitting model to feature number 317, HF22__28345
2025-10-21 17:39:13.541379 INFO::Fitting model to feature number 318, HF22__4171
2025-10-21 17:39:13.546006 INFO::Fitting model to feature number 319, HF22__4444
2025-10-21 17:39:13.550608 INFO::Fitting model to feature number 320, HF22__47781
2025-10-21 17:39:13.554735 INFO::Fitting model to feature number 321, HF22__55212
2025-10-21 17:39:13.558868 INFO::Fitting model to feature number 322, HF22__58773
2025-10-21 17:39:13.56305 INFO::Fitting model to feature number 323, HF22__9251
2025-10-21 17:39:13.567678 INFO::Fitting model to feature number 324, HF22__9393
2025-10-21 17:39:13.572121 INFO::Fitting model to feature number 325, HF23__113010
2025-10-21 17:39:13.575691 INFO::Fitting model to feature number 326, HF23__137705
2025-10-21 17:39:13.580053 INFO::Fitting model to feature number 327, HF23__59393
2025-10-21 17:39:13.584905 INFO::Fitting model to feature number 328, HF23__62112
2025-10-21 17:39:13.590507 INFO::Fitting model to feature number 329, HF23__91718
2025-10-21 17:39:13.594928 INFO::Fitting model to feature number 330, HF24__11619
2025-10-21 17:39:13.598759 INFO::Fitting model to feature number 331, HF24__13775
2025-10-21 17:39:13.602855 INFO::Fitting model to feature number 332, HF24__23415
2025-10-21 17:39:13.611948 INFO::Fitting model to feature number 333, HF24__27126
2025-10-21 17:39:13.619924 INFO::Fitting model to feature number 334, HF24__27663
2025-10-21 17:39:13.626256 INFO::Fitting model to feature number 335, HF24__30087
2025-10-21 17:39:13.63221 INFO::Fitting model to feature number 336, HF24__36593
2025-10-21 17:39:13.636625 INFO::Fitting model to feature number 337, HF24__54761
2025-10-21 17:39:13.641937 INFO::Fitting model to feature number 338, HF25__16301
2025-10-21 17:39:13.646521 INFO::Fitting model to feature number 339, HF25__22246
2025-10-21 17:39:13.650612 INFO::Fitting model to feature number 340, HF25__37783
2025-10-21 17:39:13.654826 INFO::Fitting model to feature number 341, HF25__38815
2025-10-21 17:39:13.658486 INFO::Fitting model to feature number 342, HF25__45527
2025-10-21 17:39:13.663053 INFO::Fitting model to feature number 343, HF25__58385
2025-10-21 17:39:13.666965 INFO::Fitting model to feature number 344, HF25__67757
2025-10-21 17:39:13.671474 INFO::Fitting model to feature number 345, HF25__9948
2025-10-21 17:39:13.675709 INFO::Fitting model to feature number 346, HF26__20611
2025-10-21 17:39:13.679852 INFO::Fitting model to feature number 347, HF26__35432
2025-10-21 17:39:13.684387 INFO::Fitting model to feature number 348, HF26__53297
2025-10-21 17:39:13.688663 INFO::Fitting model to feature number 349, HF26__57565
2025-10-21 17:39:13.69277 INFO::Fitting model to feature number 350, HF26__66245
2025-10-21 17:39:13.697672 INFO::Fitting model to feature number 351, HF26__75293
2025-10-21 17:39:13.702794 INFO::Fitting model to feature number 352, HF26__86591
2025-10-21 17:39:13.707469 INFO::Fitting model to feature number 353, HF27__110837
2025-10-21 17:39:13.712256 INFO::Fitting model to feature number 354, HF27__122151
2025-10-21 17:39:13.718366 INFO::Fitting model to feature number 355, HF27__126317
2025-10-21 17:39:13.722992 INFO::Fitting model to feature number 356, HF27__129645
2025-10-21 17:39:13.728575 INFO::Fitting model to feature number 357, HF27__135661
2025-10-21 17:39:13.733962 INFO::Fitting model to feature number 358, HF27__136154
2025-10-21 17:39:13.738918 INFO::Fitting model to feature number 359, HF27__16447
2025-10-21 17:39:13.74529 INFO::Fitting model to feature number 360, HF27__21237
2025-10-21 17:39:13.749908 INFO::Fitting model to feature number 361, HF27__43896
2025-10-21 17:39:13.753929 INFO::Fitting model to feature number 362, HF27__54248
2025-10-21 17:39:13.757961 INFO::Fitting model to feature number 363, HF27__56268
2025-10-21 17:39:13.761987 INFO::Fitting model to feature number 364, HF27__66055
2025-10-21 17:39:13.76625 INFO::Fitting model to feature number 365, HF27__66822
2025-10-21 17:39:13.769921 INFO::Fitting model to feature number 366, HF27__6829
2025-10-21 17:39:13.773673 INFO::Fitting model to feature number 367, HF27__73342
2025-10-21 17:39:13.777428 INFO::Fitting model to feature number 368, HF27__93109
2025-10-21 17:39:13.781318 INFO::Fitting model to feature number 369, HF27__95281
2025-10-21 17:39:13.785825 INFO::Fitting model to feature number 370, HF27__96853
2025-10-21 17:39:13.789499 INFO::Fitting model to feature number 371, HF27__96921
2025-10-21 17:39:13.793186 INFO::Fitting model to feature number 372, HF28__108909
2025-10-21 17:39:13.796762 INFO::Fitting model to feature number 373, HF28__113997
2025-10-21 17:39:13.800371 INFO::Fitting model to feature number 374, HF28__18937
2025-10-21 17:39:13.804451 INFO::Fitting model to feature number 375, HF28__20549
2025-10-21 17:39:13.80917 INFO::Fitting model to feature number 376, HF28__26590
2025-10-21 17:39:13.813742 INFO::Fitting model to feature number 377, HF28__36007
2025-10-21 17:39:13.817527 INFO::Fitting model to feature number 378, HF28__3940
2025-10-21 17:39:13.822589 INFO::Fitting model to feature number 379, HF28__49359
2025-10-21 17:39:13.826509 INFO::Fitting model to feature number 380, HF28__54937
2025-10-21 17:39:13.830611 INFO::Fitting model to feature number 381, HF28__68916
2025-10-21 17:39:13.835092 INFO::Fitting model to feature number 382, HF28__8130
2025-10-21 17:39:13.83927 INFO::Fitting model to feature number 383, HF28__96305
2025-10-21 17:39:13.844305 INFO::Fitting model to feature number 384, HF29__17009
2025-10-21 17:39:13.848622 INFO::Fitting model to feature number 385, HF29__18092
2025-10-21 17:39:13.852404 INFO::Fitting model to feature number 386, HF29__22471
2025-10-21 17:39:13.85605 INFO::Fitting model to feature number 387, HF29__25426
2025-10-21 17:39:13.859953 INFO::Fitting model to feature number 388, HF29__26223
2025-10-21 17:39:13.864096 INFO::Fitting model to feature number 389, HF29__29169
2025-10-21 17:39:13.867734 INFO::Fitting model to feature number 390, HF29__30629
2025-10-21 17:39:13.871609 INFO::Fitting model to feature number 391, HF29__36428
2025-10-21 17:39:13.875507 INFO::Fitting model to feature number 392, HF29__45474
2025-10-21 17:39:13.879934 INFO::Fitting model to feature number 393, HF2__102754
2025-10-21 17:39:13.885168 INFO::Fitting model to feature number 394, HF2__12811
2025-10-21 17:39:13.889739 INFO::Fitting model to feature number 395, HF2__25841
2025-10-21 17:39:13.893945 INFO::Fitting model to feature number 396, HF2__51597
2025-10-21 17:39:13.898181 INFO::Fitting model to feature number 397, HF2__58371
2025-10-21 17:39:13.90531 INFO::Fitting model to feature number 398, HF2__59682
2025-10-21 17:39:13.912862 INFO::Fitting model to feature number 399, HF2__75408
2025-10-21 17:39:13.919463 INFO::Fitting model to feature number 400, HF2__76655
2025-10-21 17:39:13.925534 INFO::Fitting model to feature number 401, HF30__18734
2025-10-21 17:39:13.930319 INFO::Fitting model to feature number 402, HF30__23335
2025-10-21 17:39:13.934399 INFO::Fitting model to feature number 403, HF30__24408
2025-10-21 17:39:13.938746 INFO::Fitting model to feature number 404, HF30__6534
2025-10-21 17:39:13.944632 INFO::Fitting model to feature number 405, HF31__11714
2025-10-21 17:39:13.949425 INFO::Fitting model to feature number 406, HF31__14873
2025-10-21 17:39:13.954 INFO::Fitting model to feature number 407, HF31__29166
2025-10-21 17:39:13.959073 INFO::Fitting model to feature number 408, HF31__50121
2025-10-21 17:39:13.964938 INFO::Fitting model to feature number 409, HF31__58090
2025-10-21 17:39:13.969509 INFO::Fitting model to feature number 410, HF31__6557
2025-10-21 17:39:13.974085 INFO::Fitting model to feature number 411, HF31__68426
2025-10-21 17:39:13.979403 INFO::Fitting model to feature number 412, HF31__71275
2025-10-21 17:39:13.984684 INFO::Fitting model to feature number 413, HF31__77407
2025-10-21 17:39:13.989842 INFO::Fitting model to feature number 414, HF31__86339
2025-10-21 17:39:13.994617 INFO::Fitting model to feature number 415, HF32__21499
2025-10-21 17:39:13.9989 INFO::Fitting model to feature number 416, HF32__25045
2025-10-21 17:39:14.003305 INFO::Fitting model to feature number 417, HF32__28561
2025-10-21 17:39:14.007869 INFO::Fitting model to feature number 418, HF32__28961
2025-10-21 17:39:14.012242 INFO::Fitting model to feature number 419, HF32__33212
2025-10-21 17:39:14.016725 INFO::Fitting model to feature number 420, HF32__36633
2025-10-21 17:39:14.021205 INFO::Fitting model to feature number 421, HF32__38809
2025-10-21 17:39:14.025265 INFO::Fitting model to feature number 422, HF32__40475
2025-10-21 17:39:14.028919 INFO::Fitting model to feature number 423, HF32__41880
2025-10-21 17:39:14.03342 INFO::Fitting model to feature number 424, HF32__8300
2025-10-21 17:39:14.057227 INFO::Fitting model to feature number 425, HF33__1134
2025-10-21 17:39:14.063519 INFO::Fitting model to feature number 426, HF33__12680
2025-10-21 17:39:14.068329 INFO::Fitting model to feature number 427, HF33__24285
2025-10-21 17:39:14.073297 INFO::Fitting model to feature number 428, HF33__33756
2025-10-21 17:39:14.078386 INFO::Fitting model to feature number 429, HF33__34455
2025-10-21 17:39:14.083742 INFO::Fitting model to feature number 430, HF33__41577
2025-10-21 17:39:14.089207 INFO::Fitting model to feature number 431, HF33__48893
2025-10-21 17:39:14.095616 INFO::Fitting model to feature number 432, HF34__110398
2025-10-21 17:39:14.10217 INFO::Fitting model to feature number 433, HF34__111609
2025-10-21 17:39:14.108655 INFO::Fitting model to feature number 434, HF34__28473
